&CONTROL
  calculation = 'scf'
  prefix = 'pyraimd2'
  pseudo_dir = '/data/home/df103967/df103967/cloud_projects/pyraimd2/inputs'
  outdir = './tmp'
  tprnfor = .true.
  tstress = .true.
/
&SYSTEM
  ibrav = 0
  nat = 288
  ntyp = 6
  ecutwfc = 70.0
  ecutrho = 560.0
  nbnd = 536
  vdw_corr = 'grimme-d3'
  occupations = 'smearing'
  smearing = 'mv'
  degauss = 0.01
/
&ELECTRONS
  conv_thr = 1.0e-06
  mixing_beta = 0.3
  mixing_mode = 'local-TF'
  mixing_ndim = 12
  diago_david_ndim = 8
  diago_full_acc = .true.
  startingpot = 'file'
  electron_maxstep = 400
/
ATOMIC_SPECIES
  Li 6.9400 Li.pbe-s-kjpaw_psl.1.0.0.UPF
  F 18.9984 F.pbe-n-kjpaw_psl.1.0.0.UPF
  P 30.9738 P.pbe-n-kjpaw_psl.1.0.0.UPF
  O 15.9990 O.pbe-n-kjpaw_psl.1.0.0.UPF
  C 12.0110 C.pbe-n-kjpaw_psl.1.0.0.UPF
  H 1.0080 H.pbe-kjpaw_psl.1.0.0.UPF
CELL_PARAMETERS angstrom
  15.0000000000 0.0000000000 0.0000000000
  0.0000000000 15.0000000000 0.0000000000
  0.0000000000 0.0000000000 15.0000000000
ATOMIC_POSITIONS angstrom
  Li 6.3132400000 9.1092985000 13.9939050000
  Li 13.8122760000 10.9698175000 13.9288870000
  F 1.0578410000 4.7368645000 13.2963930000
  P 2.0550330000 3.4827515000 12.8112270000
  F 3.0522250000 2.2286385000 12.3260610000
  F 2.8407080000 4.5163355000 11.7543470000
  F 3.1463170000 3.8845995000 14.0154670000
  F 1.2693590000 2.4491675000 13.8681070000
  F 0.9637490000 3.0809035000 11.6069870000
  F 7.8787940000 1.1449705000 11.9573760000
  P 8.4178180000 2.3613925000 12.9734210000
  F 8.9568410000 3.5778145000 13.9894660000
  F 9.7456190000 2.6008185000 11.9823630000
  F 7.5523850000 3.4863675000 12.0857080000
  F 7.0900160000 2.1219675000 13.9644780000
  F 9.2832500000 1.2364165000 13.8611330000
  O 7.8545930000 6.9969105000 1.5576600000
  C 6.6260290000 7.2225815000 1.7075200000
  O 5.6953710000 6.2449115000 1.9650010000
  C 4.4146610000 6.8508365000 2.0747600000
  C 4.6645230000 8.3608285000 1.8492830000
  O 6.0642870000 8.4743855000 1.6320800000
  H 3.9950180000 6.6643515000 3.0863170000
  H 3.7356230000 6.4401415000 1.2973540000
  H 4.3731980000 8.9497665000 2.7450530000
  H 4.1137910000 8.7255585000 0.9560930000
  O 10.9976220000 3.7376355000 10.3569060000
  C 11.6401960000 4.8184145000 10.3148270000
  O 13.0120510000 4.8932655000 10.3406940000
  C 13.3962650000 6.2599705000 10.2781990000
  C 12.0666560000 7.0477735000 10.2085360000
  O 11.0489070000 6.0564415000 10.2378460000
  H 14.0111480000 6.4373885000 9.3701420000
  H 13.9717050000 6.5316375000 11.1887970000
  H 11.9987430000 7.6297435000 9.2647020000
  H 11.9593070000 7.7240045000 11.0833560000
  O 13.9773980000 9.8681015000 10.3434310000
  C 13.5353190000 10.5477035000 9.3814220000
  O 12.6536750000 10.0634855000 8.4452090000
  C 12.3692840000 11.0943325000 7.5093200000
  C 13.1998190000 12.3093725000 7.9860120000
  O 13.8799510000 11.8574685000 9.1490310000
  H 11.2828790000 11.3260115000 7.5224780000
  H 12.6800180000 10.7754725000 6.4915300000
  H 12.5399180000 13.1650065000 8.2439730000
  H 13.9370510000 12.6144755000 7.2130150000
  O 11.1490450000 2.6872395000 2.3661330000
  C 10.1147020000 2.5407325000 3.0671500000
  O 10.1078620000 1.9394175000 4.3027190000
  C 8.7789660000 1.9449265000 4.8061240000
  C 7.9372430000 2.6389185000 3.7092080000
  O 8.8650720000 2.9640765000 2.6831390000
  H 8.7390580000 2.5159155000 5.7582280000
  H 8.4341560000 0.9018335000 4.9710060000
  H 7.4650920000 3.5662945000 4.0980130000
  H 7.1601800000 1.9522125000 3.3107970000
  O 5.3391640000 12.6342915000 12.6651430000
  C 6.5865790000 12.5289945000 12.7901420000
  O 7.4442130000 13.6020425000 12.8260610000
  C 8.7727470000 13.1202465000 12.9753270000
  C 8.6373090000 11.5800955000 13.0295160000
  O 7.2442420000 11.3280365000 12.9060630000
  H 9.2127390000 13.5136725000 13.9164680000
  H 9.3875660000 13.4345645000 12.1050820000
  H 9.0077430000 11.1826095000 13.9984890000
  H 9.1825820000 11.1035005000 12.1871040000
  O 6.0460790000 5.6672755000 7.4379830000
  C 7.1088440000 5.7895015000 8.1000600000
  O 7.8242840000 4.7279595000 8.5995930000
  C 8.9610770000 5.2278275000 9.2904210000
  C 8.8663370000 6.7663205000 9.1584770000
  O 7.6843980000 6.9995175000 8.4047880000
  H 9.8893090000 4.8448015000 8.8152350000
  H 8.9209100000 4.9173325000 10.3563020000
  H 9.7459130000 7.1733535000 8.6155290000
  H 8.7775260000 7.2458865000 10.1566020000
  O 7.7300970000 11.4138015000 5.2298920000
  C 6.6507660000 11.8504245000 5.7065070000
  O 5.6303510000 12.3636245000 4.9425460000
  C 4.5706580000 12.7599035000 5.8024460000
  C 5.0648820000 12.4239575000 7.2294110000
  O 6.3600660000 11.8676135000 7.0494350000
  H 3.6510310000 12.1876565000 5.5555800000
  H 4.3839910000 13.8495335000 5.6929740000
  H 4.3990570000 11.6791875000 7.7153300000
  H 5.1320060000 13.3410685000 7.8527280000
  O 3.7743790000 0.9702515000 10.6762420000
  C 3.1387720000 1.7083175000 9.8799890000
  O 2.8052880000 1.3411075000 8.5985040000
  C 2.0949460000 2.4094335000 7.9873540000
  C 2.0237360000 3.5140745000 9.0681140000
  O 2.7001550000 2.9720935000 10.1942250000
  H 1.0773570000 2.0692985000 7.6993520000
  H 2.6470790000 2.7652595000 7.0914410000
  H 0.9695800000 3.7411995000 9.3351190000
  H 2.5392950000 4.4371675000 8.7272000000
  O 7.2955540000 13.9862795000 10.6085130000
  C 7.0031280000 12.7662205000 10.5152380000
  O 5.7162950000 12.2941605000 10.4178740000
  C 5.7552500000 10.8764015000 10.3292630000
  C 7.2577680000 10.5120585000 10.3844050000
  O 7.9347360000 11.7562145000 10.4992980000
  H 5.3013550000 10.5461575000 9.3705960000
  H 5.2065890000 10.4300935000 11.1859450000
  H 7.5754610000 9.9947215000 9.4540520000
  H 7.4806920000 9.8786455000 11.2693990000
  O 0.9590180000 7.5658475000 8.2431890000
  C 1.3872490000 6.9925645000 7.2084330000
  O 2.2485350000 7.5776325000 6.3116940000
  C 2.5216760000 6.6510625000 5.2694490000
  C 1.7073250000 5.3868865000 5.6328200000
  O 1.0461550000 5.7111025000 6.8482000000
  H 3.6094940000 6.4277555000 5.2392870000
  H 2.1902810000 7.0707585000 4.2957160000
  H 2.3769510000 4.5143905000 5.7892670000
  H 0.9577430000 5.1573885000 4.8456860000
  O 11.7335890000 13.1314245000 5.0927510000
  C 11.4932420000 13.0427045000 3.8610380000
  O 12.4113060000 12.6152925000 2.9322010000
  C 11.8057310000 12.6390535000 1.6468510000
  C 10.3644060000 13.1450165000 1.8916560000
  O 10.2832180000 13.3623455000 3.2936500000
  H 11.7994340000 11.6158295000 1.2143050000
  H 12.3623560000 13.3323815000 0.9808260000
  H 9.6179470000 12.3816165000 1.5848310000
  H 10.1808660000 14.0981665000 1.3513390000
  O 3.8897360000 5.2489295000 7.2059110000
  C 4.3823600000 4.1191695000 6.9534860000
  O 4.4903580000 3.5984525000 5.6864230000
  C 5.0894620000 2.3125985000 5.7704770000
  C 5.3484730000 2.0884575000 7.2791250000
  O 4.8727750000 3.2675095000 7.9139170000
  H 6.0415510000 2.3023505000 5.1981600000
  H 4.3934550000 1.5456175000 5.3686840000
  H 6.4335710000 1.9631145000 7.4815440000
  H 4.7854810000 1.2063705000 7.6520650000
  O 7.7098270000 9.8110425000 7.2634310000
  C 6.9454290000 9.6240405000 6.2818600000
  O 5.5799450000 9.7671985000 6.3385810000
  C 5.0368990000 9.4803425000 5.0570880000
  C 6.2576500000 9.1325765000 4.1726830000
  O 7.3823610000 9.2537205000 5.0327750000
  H 4.5039200000 10.3728485000 4.6653090000
  H 4.3392350000 8.6187185000 5.1277500000
  H 6.3515660000 9.8464985000 3.3267410000
  H 6.1868730000 8.0923675000 3.7891730000
  O 4.9170940000 2.2636715000 13.7379610000
  C 5.2065120000 2.6054965000 12.5623140000
  O 4.9705340000 3.8589285000 12.0509630000
  C 5.4191390000 3.8943225000 10.7030340000
  C 5.9769050000 2.4776895000 10.4284520000
  O 5.7940590000 1.7672935000 11.6455450000
  H 6.2134860000 4.6627185000 10.5903200000
  H 4.5669540000 4.1233925000 10.0281770000
  H 7.0576830000 2.5186045000 10.1747400000
  H 5.4111550000 1.9792815000 9.6125850000
  O 8.7726840000 7.4095345000 4.0200100000
  C 9.9625300000 7.1544705000 4.3568560000
  O 10.4977790000 7.6912805000 5.5300890000
  C 9.7513160000 8.5381405000 6.3958190000
  O 10.7634300000 6.3312365000 3.5618860000
  C 10.2970090000 5.7443755000 2.3527890000
  H 10.3881520000 8.8342375000 7.2544930000
  H 8.8588920000 7.9991105000 6.7786990000
  H 9.4328680000 9.4525875000 5.8518060000
  H 10.0021760000 6.5379105000 1.6338000000
  H 9.4282030000 5.0844335000 2.5606920000
  H 11.1102320000 5.1374385000 1.9046240000
  O 3.3625300000 4.0255365000 3.1524030000
  C 3.6648150000 2.8343835000 2.8625110000
  O 2.8644810000 1.7744845000 3.2951900000
  C 1.6878000000 1.9693135000 4.0706470000
  O 4.8046020000 2.5566675000 2.1042950000
  C 5.6731440000 3.5760535000 1.6243410000
  H 1.2279000000 0.9838145000 4.2893660000
  H 0.9589640000 2.5893305000 3.5067780000
  H 1.9425280000 2.4683165000 5.0296470000
  H 6.1003510000 4.1445955000 2.4774680000
  H 5.1167890000 4.2656075000 0.9545980000
  H 6.5014390000 3.1099035000 1.0523370000
  O 10.4620680000 1.2958975000 6.3755530000
  C 11.1570580000 2.0445045000 7.1177350000
  O 10.6690110000 2.4643585000 8.3573580000
  C 9.3889400000 2.0823055000 8.8465660000
  O 12.4255500000 2.4653085000 6.7115510000
  C 12.9971760000 2.0842575000 5.4657930000
  H 9.2292800000 2.5381515000 9.8451990000
  H 9.3326030000 0.9772105000 8.9422920000
  H 8.5956430000 2.4403375000 8.1565920000
  H 12.3600370000 2.4423715000 4.6295040000
  H 13.0970000000 0.9792475000 5.4152040000
  H 14.0038130000 2.5407365000 5.3716490000
  O 11.0108500000 8.4083605000 2.8883580000
  C 10.9918310000 9.6561675000 2.6963320000
  O 9.8722710000 10.2691565000 2.1289140000
  C 8.7130110000 9.5407975000 1.7422910000
  O 12.0900340000 10.4444145000 3.0481120000
  C 13.2686800000 9.9008085000 3.6304820000
  H 7.9651530000 10.2429595000 1.3201170000
  H 8.2710210000 9.0325325000 2.6254010000
  H 8.9768130000 8.7883935000 0.9690720000
  H 13.7296450000 9.1639835000 2.9389830000
  H 13.0238540000 9.4081255000 4.5953110000
  H 13.9933620000 10.7193375000 3.8186310000
  O 10.9642750000 10.0048325000 13.1252350000
  C 10.6511400000 9.4505795000 12.0348180000
  O 10.9187730000 10.0802115000 10.8170050000
  C 11.5458480000 11.3545035000 10.7343970000
  O 10.0318680000 8.1985455000 12.0281380000
  C 9.7239930000 7.4892345000 13.2222740000
  H 11.6494810000 11.6414625000 9.6678750000
  H 12.5554360000 11.3122395000 11.1953930000
  H 10.9275630000 12.1170955000 11.2537700000
  H 9.0268620000 8.0845435000 13.8493210000
  H 10.6547330000 7.2796855000 13.7909410000
  H 9.2387400000 6.5268145000 12.9599150000
  O 6.4998810000 6.8532775000 10.2502510000
  C 5.5702890000 7.5662045000 10.7212630000
  O 4.7971480000 8.3695825000 9.8798560000
  C 5.0061380000 8.4311365000 8.4740090000
  O 5.2995380000 7.5634145000 12.0915980000
  C 6.0381360000 6.7751275000 13.0173130000
  H 4.2729080000 9.1331955000 8.0267480000
  H 4.8627740000 7.4260035000 8.0237600000
  H 6.0324030000 8.7965645000 8.2576440000
  H 7.1090650000 7.0688835000 12.9975740000
  H 5.9394340000 5.6983235000 12.7636930000
  H 5.6384830000 6.9419115000 14.0385940000
  O 13.9953820000 3.1666915000 11.2900210000
  C 12.7932080000 2.7826485000 11.2507260000
  O 12.3342510000 1.9969225000 10.1909500000
  C 13.1747200000 1.5916825000 9.1170500000
  O 11.9021710000 3.1371105000 12.2663750000
  C 12.2871530000 3.9338265000 13.3803330000
  H 12.5856240000 0.9791405000 8.4040900000
  H 14.0185530000 0.9817545000 9.5037090000
  H 13.5688560000 2.4834495000 8.5850920000
  H 12.6428790000 4.9269575000 13.0328850000
  H 13.0925720000 3.4252625000 13.9515020000
  H 11.4111660000 4.0783425000 14.0454020000
  O 9.3843550000 12.8663125000 5.2523900000
  C 8.3625470000 13.4674125000 5.6869530000
  O 7.3174350000 13.8041945000 4.8235580000
  C 7.3413050000 13.4970595000 3.4346850000
  O 8.2602120000 13.8056435000 7.0383450000
  C 9.2779320000 13.5000365000 7.9842420000
  H 6.4056810000 13.8628575000 2.9642030000
  H 7.4114410000 12.3981945000 3.2892610000
  H 8.2069350000 13.9960025000 2.9495940000
  H 10.2273770000 13.9991065000 7.6960490000
  H 9.4318810000 12.4013005000 8.0357180000
  H 8.9682890000 13.8667995000 8.9843220000
  O 9.0888720000 4.6016245000 5.1613880000
  C 8.9441950000 5.5754835000 5.9519090000
  O 9.9881800000 5.9666095000 6.7934840000
  C 11.2480950000 5.3061435000 6.8098270000
  O 7.7377420000 6.2779615000 5.9980580000
  C 6.6253060000 5.9457145000 5.1758860000
  H 11.9070540000 5.7961955000 7.5556000000
  H 11.7254210000 5.3725905000 5.8091690000
  H 11.1152020000 4.2402805000 7.0923990000
  H 6.2923450000 4.9075305000 5.3877410000
  H 6.9025630000 6.0398425000 4.1045130000
  H 5.7900290000 6.6424945000 5.3935180000
  O 12.8658520000 7.2163605000 4.6158370000
  C 13.5713580000 6.4675985000 5.3478700000
  O 13.9658450000 5.2050255000 4.8990690000
  C 13.6045340000 4.6988755000 3.6195620000
  O 13.9691260000 6.8893405000 6.6187150000
  C 13.6112730000 8.1587515000 7.1520140000
  H 14.0333420000 3.6834485000 3.4947230000
  H 14.0058170000 5.3594905000 2.8219840000
  H 12.4989920000 4.6356545000 3.5338220000
  H 12.5060230000 8.2452705000 7.2191510000
  H 14.0128490000 8.9691045000 6.5073160000
  H 14.0422570000 8.2616655000 8.1689780000
  O 1.8189810000 9.4220815000 10.9165660000
  C 2.7513010000 8.9146615000 11.6003510000
  O 3.2906430000 9.6064245000 12.6874140000
  C 2.8321800000 10.8946235000 13.0801270000
  O 3.2589160000 7.6530875000 11.2811500000
  C 2.7670070000 6.8821315000 10.1914160000
  H 3.4108190000 11.2339135000 13.9636500000
  H 1.7559240000 10.8492025000 13.3506470000
  H 2.9809660000 11.6200145000 12.2523330000
  H 2.9129700000 7.4338665000 9.2386020000
  H 1.6879310000 6.6630535000 10.3369170000
  H 3.3245830000 5.9244545000 10.1412130000
K_POINTS gamma
